# OSU MPI Latency Test v7.3
# Size          Latency (us)
# Datatype: MPI_CHAR.
1                       0.42
2                       0.39
4                       0.39
8                       0.37
16                      0.39
32                      0.45
64                      0.46
128                     0.48
256                     0.50
512                     0.55
1024                    0.62
2048                    0.73
4096                    1.05
8192                    1.56
16384                   2.36
32768                   2.62
65536                   4.25
131072                  7.32
262144                 14.40
524288                 28.34
1048576                65.97
2097152               240.58
4194304               581.05
# OSU MPI Latency Test v7.3
# Size          Latency (us)
# Datatype: MPI_CHAR.
1                       0.38
2                       0.37
4                       0.37
8                       0.38
16                      0.38
32                      0.49
64                      0.48
128                     0.50
256                     0.50
512                     0.54
1024                    0.59
2048                    0.71
4096                    1.02
8192                    1.60
16384                   1.82
32768                   2.59
65536                   4.04
131072                  7.30
262144                 14.40
524288                 28.50
1048576                68.52
2097152               234.83
4194304               597.45
# OSU MPI Latency Test v7.3
# Size          Latency (us)
# Datatype: MPI_CHAR.
1                       0.37
2                       0.37
4                       0.38
8                       0.38
16                      0.38
32                      0.45
64                      0.44
128                     0.48
256                     0.50
512                     0.53
1024                    0.58
2048                    0.71
4096                    1.02
8192                    1.52
16384                   1.82
32768                   2.54
65536                   4.01
131072                  7.23
262144                 14.53
524288                 28.46
1048576                65.14
2097152               227.74
4194304               611.18
# OSU MPI Latency Test v7.3
# Size          Latency (us)
# Datatype: MPI_CHAR.
1                       0.37
2                       0.38
4                       0.37
8                       0.37
16                      0.39
32                      0.46
64                      0.47
128                     0.50
256                     0.51
512                     0.56
1024                    0.60
2048                    0.74
4096                    1.01
8192                    1.54
16384                   1.87
32768                   2.62
65536                   4.15
131072                  7.25
262144                 15.01
524288                 29.46
1048576                66.89
2097152               236.96
4194304               625.19
# OSU MPI Latency Test v7.3
# Size          Latency (us)
# Datatype: MPI_CHAR.
1                       0.46
2                       0.45
4                       0.40
8                       0.39
16                      0.39
32                      0.46
64                      0.46
128                     0.50
256                     0.51
512                     0.54
1024                    0.65
2048                    0.72
4096                    1.03
8192                    1.54
16384                   2.04
32768                   3.06
65536                   4.17
131072                  8.08
262144                 14.63
524288                 28.99
1048576                68.52
2097152               240.34
4194304               627.99
# OSU MPI Latency Test v7.3
# Size          Latency (us)
# Datatype: MPI_CHAR.
1                       0.41
2                       0.38
4                       0.38
8                       0.38
16                      0.39
32                      0.47
64                      0.45
128                     0.50
256                     0.51
512                     0.55
1024                    0.61
2048                    0.71
4096                    1.02
8192                    1.57
16384                   1.84
32768                   2.53
65536                   4.28
131072                  7.28
262144                 14.82
524288                 31.26
1048576                69.19
2097152               243.38
4194304               626.03
# OSU MPI Latency Test v7.3
# Size          Latency (us)
# Datatype: MPI_CHAR.
1                       0.38
2                       0.38
4                       0.37
8                       0.39
16                      0.37
32                      0.46
64                      0.46
128                     0.49
256                     0.50
512                     0.52
1024                    0.57
2048                    0.68
4096                    1.13
8192                    1.57
16384                   1.93
32768                   2.51
65536                   3.95
131072                  7.02
262144                 14.48
524288                 28.59
1048576                67.40
2097152               242.90
4194304               617.70
# OSU MPI Latency Test v7.3
# Size          Latency (us)
# Datatype: MPI_CHAR.
1                       0.38
2                       0.41
4                       0.40
8                       0.39
16                      0.39
32                      0.48
64                      0.46
128                     0.52
256                     0.51
512                     0.58
1024                    0.66
2048                    0.71
4096                    1.07
8192                    1.54
16384                   1.86
32768                   2.58
65536                   4.20
131072                  7.40
262144                 14.47
524288                 29.41
1048576                67.25
2097152               242.14
4194304               622.18
# OSU MPI Latency Test v7.3
# Size          Latency (us)
# Datatype: MPI_CHAR.
1                       0.37
2                       0.38
4                       0.37
8                       0.36
16                      0.36
32                      0.45
64                      0.45
128                     0.52
256                     0.49
512                     0.56
1024                    0.58
2048                    0.70
4096                    1.05
8192                    1.55
16384                   1.82
32768                   2.49
65536                   3.99
131072                  8.17
262144                 15.34
524288                 28.62
1048576                73.78
2097152               242.85
4194304               629.31
# OSU MPI Latency Test v7.3
# Size          Latency (us)
# Datatype: MPI_CHAR.
1                       0.38
2                       0.38
4                       0.39
8                       0.37
16                      0.38
32                      0.47
64                      0.46
128                     0.48
256                     0.51
512                     0.54
1024                    0.60
2048                    0.71
4096                    1.01
8192                    1.55
16384                   1.88
32768                   2.67
65536                   4.18
131072                  7.81
262144                 14.66
524288                 29.83
1048576                71.08
2097152               243.42
4194304               637.64
# OSU MPI Latency Test v7.3
# Size          Latency (us)
# Datatype: MPI_CHAR.
1                       0.38
2                       0.38
4                       0.37
8                       0.37
16                      0.38
32                      0.46
64                      0.44
128                     0.48
256                     0.51
512                     0.54
1024                    0.58
2048                    0.71
4096                    1.02
8192                    1.54
16384                   1.85
32768                   2.64
65536                   4.07
131072                  7.43
262144                 14.66
524288                 29.22
1048576                69.03
2097152               239.43
4194304               624.96
# OSU MPI Latency Test v7.3
# Size          Latency (us)
# Datatype: MPI_CHAR.
1                       0.38
2                       0.38
4                       0.38
8                       0.39
16                      0.38
32                      0.46
64                      0.48
128                     0.49
256                     0.51
512                     0.53
1024                    0.61
2048                    0.71
4096                    0.99
8192                    1.56
16384                   1.90
32768                   2.58
65536                   4.02
131072                  7.31
262144                 14.49
524288                 30.01
1048576                66.43
2097152               236.72
4194304               622.85
# OSU MPI Latency Test v7.3
# Size          Latency (us)
# Datatype: MPI_CHAR.
1                       0.40
2                       0.38
4                       0.37
8                       0.38
16                      0.38
32                      0.45
64                      0.45
128                     0.48
256                     0.50
512                     0.54
1024                    0.60
2048                    0.70
4096                    1.00
8192                    1.54
16384                   1.84
32768                   2.59
65536                   4.00
131072                  7.25
262144                 14.38
524288                 31.52
1048576                71.52
2097152               242.62
4194304               626.25
# OSU MPI Latency Test v7.3
# Size          Latency (us)
# Datatype: MPI_CHAR.
1                       0.37
2                       0.38
4                       0.38
8                       0.37
16                      0.38
32                      0.47
64                      0.44
128                     0.48
256                     0.51
512                     0.53
1024                    0.60
2048                    0.70
4096                    1.02
8192                    1.55
16384                   2.11
32768                   2.61
65536                   4.12
131072                  7.39
262144                 14.49
524288                 29.49
1048576                68.57
2097152               246.84
4194304               629.45
# OSU MPI Latency Test v7.3
# Size          Latency (us)
# Datatype: MPI_CHAR.
1                       0.37
2                       0.37
4                       0.38
8                       0.38
16                      0.39
32                      0.46
64                      0.45
128                     0.48
256                     0.49
512                     0.53
1024                    0.60
2048                    0.69
4096                    1.12
8192                    1.53
16384                   1.92
32768                   2.51
65536                   4.01
131072                  7.22
262144                 14.53
524288                 29.17
1048576                67.97
2097152               238.16
4194304               617.26
# OSU MPI Latency Test v7.3
# Size          Latency (us)
# Datatype: MPI_CHAR.
1                       0.37
2                       0.37
4                       0.38
8                       0.38
16                      0.38
32                      0.47
64                      0.47
128                     0.51
256                     0.50
512                     0.54
1024                    0.59
2048                    0.70
4096                    1.03
8192                    1.53
16384                   1.85
32768                   2.56
65536                   4.11
131072                  7.25
262144                 14.52
524288                 28.65
1048576                67.07
2097152               243.06
4194304               627.40
# OSU MPI Latency Test v7.3
# Size          Latency (us)
# Datatype: MPI_CHAR.
1                       0.38
2                       0.37
4                       0.38
8                       0.37
16                      0.39
32                      0.48
64                      0.47
128                     0.53
256                     0.51
512                     0.58
1024                    0.61
2048                    0.73
4096                    1.02
8192                    1.57
16384                   1.99
32768                   2.64
65536                   4.47
131072                  7.48
262144                 14.71
524288                 29.60
1048576                75.53
2097152               243.11
4194304               631.15
# OSU MPI Latency Test v7.3
# Size          Latency (us)
# Datatype: MPI_CHAR.
1                       0.37
2                       0.37
4                       0.36
8                       0.37
16                      0.38
32                      0.46
64                      0.44
128                     0.49
256                     0.51
512                     0.55
1024                    0.59
2048                    0.69
4096                    1.01
8192                    1.55
16384                   1.83
32768                   2.60
65536                   4.21
131072                  7.08
262144                 14.48
524288                 30.27
1048576                68.97
2097152               242.44
4194304               626.42
# OSU MPI Latency Test v7.3
# Size          Latency (us)
# Datatype: MPI_CHAR.
1                       0.38
2                       0.38
4                       0.38
8                       0.37
16                      0.38
32                      0.45
64                      0.44
128                     0.49
256                     0.50
512                     0.54
1024                    0.59
2048                    0.69
4096                    0.98
8192                    1.54
16384                   2.41
32768                   2.55
65536                   3.92
131072                  7.18
262144                 14.38
524288                 28.33
1048576                65.50
2097152               235.13
4194304               624.12
# OSU MPI Latency Test v7.3
# Size          Latency (us)
# Datatype: MPI_CHAR.
1                       0.36
2                       0.38
4                       0.38
8                       0.39
16                      0.38
32                      0.44
64                      0.44
128                     0.49
256                     0.52
512                     0.53
1024                    0.60
2048                    0.70
4096                    1.01
8192                    1.53
16384                   1.88
32768                   2.59
65536                   4.12
131072                  7.14
262144                 14.30
524288                 31.45
1048576                65.68
2097152               232.57
4194304               616.20
