# OSU MPI Latency Test v7.3
# Size          Latency (us)
# Datatype: MPI_CHAR.
1                       0.45
2                       0.43
4                       0.45
8                       0.47
16                      0.48
32                      0.57
64                      0.57
128                     0.61
256                     0.65
512                     0.65
1024                    0.73
2048                    0.86
4096                    1.34
8192                    1.89
16384                   2.26
32768                   3.27
65536                   5.05
131072                  9.14
262144                 18.32
524288                 36.26
1048576                72.77
2097152               226.01
4194304               568.75
# OSU MPI Latency Test v7.3
# Size          Latency (us)
# Datatype: MPI_CHAR.
1                       0.41
2                       0.42
4                       0.43
8                       0.44
16                      0.47
32                      0.53
64                      0.53
128                     0.55
256                     0.57
512                     0.63
1024                    0.70
2048                    0.80
4096                    1.12
8192                    1.74
16384                   2.56
32768                   3.01
65536                   5.30
131072                  8.73
262144                 17.07
524288                 35.37
1048576                69.58
2097152               226.75
4194304               567.90
# OSU MPI Latency Test v7.3
# Size          Latency (us)
# Datatype: MPI_CHAR.
1                       0.39
2                       0.41
4                       0.39
8                       0.40
16                      0.41
32                      0.49
64                      0.48
128                     0.51
256                     0.54
512                     0.59
1024                    0.64
2048                    0.95
4096                    1.05
8192                    1.59
16384                   2.07
32768                   2.81
65536                   4.53
131072                  7.90
262144                 15.94
524288                 31.78
1048576                64.01
2097152               229.34
4194304               591.58
# OSU MPI Latency Test v7.3
# Size          Latency (us)
# Datatype: MPI_CHAR.
1                       0.40
2                       0.41
4                       0.41
8                       0.42
16                      0.43
32                      0.50
64                      0.49
128                     0.52
256                     0.55
512                     0.58
1024                    0.70
2048                    0.76
4096                    1.08
8192                    1.66
16384                   1.99
32768                   2.79
65536                   4.47
131072                  7.99
262144                 16.31
524288                 31.97
1048576                66.66
2097152               224.05
4194304               578.32
# OSU MPI Latency Test v7.3
# Size          Latency (us)
# Datatype: MPI_CHAR.
1                       0.43
2                       0.41
4                       0.38
8                       0.40
16                      0.41
32                      0.48
64                      0.48
128                     0.55
256                     0.61
512                     0.59
1024                    0.65
2048                    0.75
4096                    1.07
8192                    1.65
16384                   2.07
32768                   2.78
65536                   4.51
131072                  8.35
262144                 15.94
524288                 31.57
1048576                65.08
2097152               224.19
4194304               577.86
# OSU MPI Latency Test v7.3
# Size          Latency (us)
# Datatype: MPI_CHAR.
1                       0.39
2                       0.41
4                       0.40
8                       0.41
16                      0.42
32                      0.50
64                      0.49
128                     0.53
256                     0.55
512                     0.58
1024                    0.65
2048                    0.84
4096                    1.07
8192                    1.59
16384                   2.02
32768                   2.81
65536                   4.54
131072                  8.06
262144                 16.27
524288                 31.98
1048576                68.02
2097152               243.70
4194304               586.91
# OSU MPI Latency Test v7.3
# Size          Latency (us)
# Datatype: MPI_CHAR.
1                       0.41
2                       0.41
4                       0.39
8                       0.40
16                      0.40
32                      0.49
64                      0.48
128                     0.52
256                     0.53
512                     0.56
1024                    0.66
2048                    0.74
4096                    1.10
8192                    1.88
16384                   1.98
32768                   2.76
65536                   4.45
131072                  7.81
262144                 16.11
524288                 31.87
1048576                63.80
2097152               227.96
4194304               576.78
# OSU MPI Latency Test v7.3
# Size          Latency (us)
# Datatype: MPI_CHAR.
1                       0.38
2                       0.39
4                       0.39
8                       0.39
16                      0.39
32                      0.47
64                      0.47
128                     0.52
256                     0.54
512                     0.58
1024                    0.62
2048                    0.74
4096                    1.04
8192                    1.62
16384                   1.99
32768                   2.80
65536                   4.40
131072                  7.82
262144                 15.60
524288                 31.94
1048576                64.56
2097152               220.14
4194304               580.66
# OSU MPI Latency Test v7.3
# Size          Latency (us)
# Datatype: MPI_CHAR.
1                       0.39
2                       0.40
4                       0.40
8                       0.40
16                      0.43
32                      0.49
64                      0.47
128                     0.52
256                     0.53
512                     0.56
1024                    0.65
2048                    0.75
4096                    1.02
8192                    1.59
16384                   1.91
32768                   2.71
65536                   4.25
131072                  7.43
262144                 15.16
524288                 29.95
1048576                68.95
2097152               248.50
4194304               583.66
# OSU MPI Latency Test v7.3
# Size          Latency (us)
# Datatype: MPI_CHAR.
1                       0.50
2                       0.63
4                       0.52
8                       0.43
16                      0.52
32                      0.49
64                      0.49
128                     0.50
256                     0.51
512                     0.55
1024                    0.59
2048                    0.71
4096                    1.03
8192                    1.57
16384                   2.14
32768                   2.93
65536                   4.50
131072                  7.61
262144                 15.46
524288                 29.33
1048576                60.82
2097152               225.27
4194304               576.37
# OSU MPI Latency Test v7.3
# Size          Latency (us)
# Datatype: MPI_CHAR.
1                       0.39
2                       0.39
4                       0.39
8                       0.40
16                      0.41
32                      0.48
64                      0.49
128                     0.52
256                     0.53
512                     0.57
1024                    0.64
2048                    0.74
4096                    1.03
8192                    1.60
16384                   2.04
32768                   2.72
65536                   4.53
131072                  8.72
262144                 15.85
524288                 31.97
1048576                63.43
2097152               225.54
4194304               581.93
# OSU MPI Latency Test v7.3
# Size          Latency (us)
# Datatype: MPI_CHAR.
1                       0.38
2                       0.38
4                       0.39
8                       0.40
16                      0.42
32                      0.49
64                      0.48
128                     0.53
256                     0.54
512                     0.60
1024                    0.64
2048                    0.75
4096                    1.08
8192                    1.64
16384                   2.01
32768                   2.86
65536                   4.49
131072                  8.09
262144                 16.50
524288                 31.98
1048576                65.04
2097152               219.31
4194304               571.05
# OSU MPI Latency Test v7.3
# Size          Latency (us)
# Datatype: MPI_CHAR.
1                       0.44
2                       0.39
4                       0.38
8                       0.40
16                      0.44
32                      0.48
64                      0.54
128                     0.54
256                     0.53
512                     0.55
1024                    0.63
2048                    0.79
4096                    1.03
8192                    1.62
16384                   1.97
32768                   2.60
65536                   4.23
131072                  7.40
262144                 15.24
524288                 30.20
1048576                62.36
2097152               220.98
4194304               576.06
# OSU MPI Latency Test v7.3
# Size          Latency (us)
# Datatype: MPI_CHAR.
1                       0.39
2                       0.39
4                       0.40
8                       0.40
16                      0.44
32                      0.47
64                      0.48
128                     0.53
256                     0.53
512                     0.58
1024                    0.64
2048                    0.73
4096                    1.06
8192                    1.62
16384                   1.94
32768                   2.60
65536                   4.25
131072                  7.62
262144                 15.92
524288                 30.91
1048576                67.95
2097152               219.39
4194304               581.14
# OSU MPI Latency Test v7.3
# Size          Latency (us)
# Datatype: MPI_CHAR.
1                       0.37
2                       0.38
4                       0.40
8                       0.37
16                      0.39
32                      0.46
64                      0.45
128                     0.54
256                     0.52
512                     0.55
1024                    0.61
2048                    0.72
4096                    1.02
8192                    1.55
16384                   1.87
32768                   2.54
65536                   4.24
131072                  7.39
262144                 15.25
524288                 29.65
1048576                60.42
2097152               220.87
4194304               584.66
# OSU MPI Latency Test v7.3
# Size          Latency (us)
# Datatype: MPI_CHAR.
1                       0.38
2                       0.39
4                       0.40
8                       0.41
16                      0.40
32                      0.49
64                      0.49
128                     0.53
256                     0.55
512                     0.59
1024                    0.62
2048                    0.72
4096                    1.05
8192                    1.67
16384                   1.94
32768                   2.69
65536                   4.38
131072                  7.81
262144                 17.21
524288                 31.36
1048576                63.98
2097152               221.20
4194304               560.71
# OSU MPI Latency Test v7.3
# Size          Latency (us)
# Datatype: MPI_CHAR.
1                       0.40
2                       0.47
4                       0.40
8                       0.38
16                      0.40
32                      0.47
64                      0.47
128                     0.51
256                     0.54
512                     0.55
1024                    0.62
2048                    0.76
4096                    1.05
8192                    1.62
16384                   1.89
32768                   2.63
65536                   4.17
131072                  7.40
262144                 15.00
524288                 30.27
1048576                62.28
2097152               248.02
4194304               600.79
# OSU MPI Latency Test v7.3
# Size          Latency (us)
# Datatype: MPI_CHAR.
1                       0.39
2                       0.42
4                       0.46
8                       0.41
16                      0.42
32                      0.50
64                      0.49
128                     0.53
256                     0.61
512                     0.59
1024                    0.64
2048                    0.74
4096                    1.09
8192                    1.62
16384                   1.98
32768                   2.83
65536                   4.50
131072                  8.12
262144                 16.15
524288                 32.10
1048576                64.62
2097152               228.02
4194304               585.62
# OSU MPI Latency Test v7.3
# Size          Latency (us)
# Datatype: MPI_CHAR.
1                       0.38
2                       0.40
4                       0.39
8                       0.39
16                      0.40
32                      0.48
64                      0.49
128                     0.52
256                     0.54
512                     0.58
1024                    0.64
2048                    0.78
4096                    1.11
8192                    1.68
16384                   2.08
32768                   2.80
65536                   4.43
131072                  7.97
262144                 16.07
524288                 32.31
1048576                66.89
2097152               220.18
4194304               579.40
# OSU MPI Latency Test v7.3
# Size          Latency (us)
# Datatype: MPI_CHAR.
1                       0.40
2                       0.41
4                       0.41
8                       0.40
16                      0.42
32                      0.49
64                      0.49
128                     0.52
256                     0.54
512                     0.58
1024                    0.65
2048                    0.74
4096                    1.06
8192                    1.62
16384                   1.99
32768                   2.80
65536                   4.39
131072                  7.82
262144                 15.81
524288                 32.54
1048576                70.57
2097152               237.09
4194304               589.62
